pulseheight,counts_ch_A,counts_ch_B
1.911764705882353,0,0
5.735294117647059,81,0
9.558823529411764,141,0
13.382352941176471,531,0
17.205882352941178,537,0
21.029411764705884,542,0
24.852941176470587,534,0
28.676470588235297,580,0
32.5,706,0
36.32352941176471,724,0
40.14705882352941,803,0
43.970588235294116,792,0
47.794117647058826,815,0
51.617647058823536,811,0
55.44117647058824,763,0
59.26470588235294,733,0
63.08823529411765,744,0
66.91176470588235,782,0
70.73529411764707,692,0
74.55882352941177,576,0
78.38235294117646,606,0
82.20588235294119,569,0
86.02941176470588,512,0
89.8529411764706,557,0
93.6764705882353,428,0
97.5,407,0
101.32352941176471,441,0
105.14705882352942,389,0
108.97058823529412,422,0
112.79411764705884,361,0
116.61764705882354,402,0
120.44117647058823,385,0
124.26470588235296,422,0
128.08823529411765,321,0
131.91176470588238,250,0
135.73529411764707,227,0
139.55882352941177,191,0
143.38235294117646,174,0
147.2058823529412,160,0
151.02941176470588,166,0
154.8529411764706,132,0
158.6764705882353,137,0
162.5,116,0
166.3235294117647,123,0
170.14705882352942,102,0
173.97058823529414,114,0
177.79411764705884,114,0
181.61764705882354,95,0
185.44117647058823,352,0
189.26470588235296,2142,0
193.08823529411765,113,0
196.91176470588238,52,0
200.73529411764707,54,0
204.55882352941177,74,0
208.38235294117646,60,0
212.2058823529412,86,0
216.02941176470588,90,0
219.8529411764706,56,0
223.6764705882353,75,0
227.5,58,0
231.32352941176472,57,0
235.14705882352942,52,0
238.97058823529414,49,0
242.79411764705884,56,0
246.61764705882354,52,0
250.44117647058823,48,0
254.26470588235296,48,0
258.0882352941177,61,0
261.9117647058823,46,0
265.7352941176471,51,0
269.5588235294118,65,0
273.38235294117646,46,0
277.2058823529412,46,0
281.02941176470586,57,0
284.8529411764706,63,0
288.6764705882353,43,0
292.5,58,0
296.32352941176475,45,0
300.1470588235294,54,0
303.97058823529414,54,0
307.79411764705884,59,0
311.61764705882354,55,0
315.4411764705883,59,0
319.2647058823529,53,0
323.0882352941177,39,0
326.9117647058823,53,0
330.7352941176471,58,0
334.5588235294118,74,0
338.38235294117646,72,0
342.2058823529412,48,0
346.02941176470586,54,0
349.8529411764706,63,0
353.67647058823536,75,0
357.5,69,0
361.32352941176475,65,0
365.1470588235294,68,0
368.97058823529414,60,0
372.79411764705884,85,0
376.61764705882354,76,0
380.4411764705883,94,0
384.2647058823529,72,0
388.0882352941177,71,0
391.9117647058824,50,0
395.7352941176471,48,0
399.5588235294118,39,0
403.38235294117646,48,0
407.2058823529412,37,0
411.02941176470586,42,0
414.8529411764706,40,0
418.67647058823536,40,0
422.5,31,0
426.32352941176475,22,0
430.1470588235294,25,0
433.97058823529414,21,0
437.79411764705884,22,0
441.61764705882354,17,0
445.4411764705883,20,0
449.2647058823529,14,0
453.0882352941177,15,0
456.9117647058824,15,0
460.7352941176471,21,0
464.5588235294118,283,0
468.38235294117646,321,0
472.2058823529412,8,0
476.02941176470586,7,0
479.8529411764706,6,0
483.67647058823536,8,0
487.5,11,0
491.32352941176475,5,0
495.1470588235294,6,0
498.97058823529414,5,0
502.7941176470589,12,0
506.61764705882354,3,0
510.4411764705883,3,0
514.2647058823529,4,0
518.0882352941177,6,0
521.9117647058824,6,0
525.7352941176471,7,0
529.5588235294117,11,0
533.3823529411766,66,0
537.2058823529412,28,0
541.0294117647059,2,0
544.8529411764706,5,0
548.6764705882354,4,0
552.5,6,0
556.3235294117648,9,0
560.1470588235295,2,0
563.9705882352941,3,0
567.7941176470588,5,0
571.6176470588235,1,0
575.4411764705883,0,0
579.2647058823529,3,0
583.0882352941177,8,0
586.9117647058824,1,0
590.7352941176471,2,0
594.5588235294117,8,0
598.3823529411766,5,0
602.2058823529412,2,0
606.0294117647059,5,0
609.8529411764706,2,0
613.6764705882354,4,0
617.5,0,0
621.3235294117648,0,0
625.1470588235295,2,0
628.9705882352941,3,0
632.7941176470588,1,0
636.6176470588236,4,0
640.4411764705883,3,0
644.2647058823529,11,0
648.0882352941177,3,0
651.9117647058824,3,0
655.7352941176471,1,0
659.5588235294117,1,0
663.3823529411766,1,0
667.2058823529412,0,0
671.0294117647059,3,0
674.8529411764706,4,0
678.6764705882354,1,0
682.5,1,0
686.3235294117648,1,0
690.1470588235295,4,0
693.9705882352941,1,0
697.7941176470588,3,0
701.6176470588236,1,0
705.4411764705883,3,0
709.2647058823529,2,0
713.0882352941177,2,0
716.9117647058824,1,0
720.7352941176471,1,0
724.5588235294117,1,0
728.3823529411766,0,0
732.2058823529412,3,0
736.0294117647059,0,0
739.8529411764706,2,0
743.6764705882354,4,0
747.5,2,0
751.3235294117648,0,0
755.1470588235295,0,0
758.9705882352941,1,0
762.7941176470588,0,0
766.6176470588236,2,0
770.4411764705883,2,0
774.2647058823529,0,0
778.0882352941177,1,0
781.9117647058824,2,0
785.7352941176471,2,0
789.5588235294118,6,0
793.3823529411766,1,0
797.2058823529412,1,0
801.0294117647059,4,0
804.8529411764706,3,0
808.6764705882354,4,0
812.5,3,0
816.3235294117648,2,0
820.1470588235295,4,0
823.9705882352941,1,0
827.7941176470588,0,0
831.6176470588236,2,0
835.4411764705883,2,0
839.2647058823529,2,0
843.0882352941177,1,0
846.9117647058824,1,0
850.7352941176471,3,0
854.5588235294118,0,0
858.3823529411766,0,0
862.2058823529412,0,0
866.0294117647059,2,0
869.8529411764706,2,0
873.6764705882354,0,0
877.5,2,0
881.3235294117648,1,0
885.1470588235295,2,0
888.9705882352941,1,0
892.7941176470588,0,0
896.6176470588236,0,0
900.4411764705883,0,0
904.2647058823529,0,0
908.0882352941177,1,0
911.9117647058824,1,0
915.7352941176471,1,0
919.5588235294118,0,0
923.3823529411766,0,0
927.2058823529412,0,0
931.0294117647059,0,0
934.8529411764707,0,0
938.6764705882354,1,0
942.5,0,0
946.3235294117648,1,0
950.1470588235295,12,0
953.9705882352941,3,0
957.7941176470588,2,0
961.6176470588236,0,0
965.4411764705883,0,0
969.2647058823529,0,0
973.0882352941177,0,0
